79844069;037;1650003328;DERECHOS_FIDUCIARIO;1650003328;4
10241845;037;1650003327;DERECHOS_FIDUCIARIO;1650003327;1
43524888;037;1650003368;DERECHOS_FIDUCIARIO;1650003368;1
8394214;037;1650003343;DERECHOS_FIDUCIARIO;1650003343;2
94512933;037;1650003359;DERECHOS_FIDUCIARIO;1650003359;1
79554450;037;1650001983;DERECHOS_FIDUCIARIO;1650001983;1
830091449;037;1650003363;DERECHOS_FIDUCIARIO;1650003363;3
438413;037;1650004196;DERECHOS_FIDUCIARIO;1650004196;1
1136880871;037;1650004206;DERECHOS_FIDUCIARIO;1650004206;1
80180555;037;1650003372;DERECHOS_FIDUCIARIO;1650003372;1
20522083;037;1650003402;DERECHOS_FIDUCIARIO;1650003402;1
29178109;037;1650004216;DERECHOS_FIDUCIARIO;1650004216;1
901115175;037;1650003392;DERECHOS_FIDUCIARIO;1650003392;3
901114388;037;1650003390;DERECHOS_FIDUCIARIO;1650003390;3
901114534;037;1650003391;DERECHOS_FIDUCIARIO;1650003391;3
79844069;037;1650003328;RETEFUENTE;RETEFUENTE;0,035
10241845;037;1650003327;RETEFUENTE;RETEFUENTE;0,035
43524888;037;1650003368;RETEFUENTE;RETEFUENTE;0,035
8394214;037;1650003343;RETEFUENTE;RETEFUENTE;0,035
94512933;037;1650003359;RETEFUENTE;RETEFUENTE;0,035
79554450;037;1650001983;RETEFUENTE;RETEFUENTE;0,035
830091449;037;1650003363;RETEFUENTE;RETEFUENTE;0,035
438413;037;1650004196;RETEFUENTE;RETEFUENTE;0,035
1136880871;037;1650004206;RETEFUENTE;RETEFUENTE;0,035
80180555;037;1650003372;RETEFUENTE;RETEFUENTE;0,035
20522083;037;1650003402;RETEFUENTE;RETEFUENTE;0,035
29178109;037;1650004216;RETEFUENTE;RETEFUENTE;0,035
901115175;037;1650003392;RETEFUENTE;RETEFUENTE;0,035
901114388;037;1650003390;RETEFUENTE;RETEFUENTE;0,035
901114534;037;1650003391;RETEFUENTE;RETEFUENTE;0,035
79844069;037;1650003328;CUOTA_PREDIAL;CUOTA PREDIAL;0
10241845;037;1650003327;CUOTA_PREDIAL;CUOTA PREDIAL;0
43524888;037;1650003368;CUOTA_PREDIAL;CUOTA PREDIAL;0
8394214;037;1650003343;CUOTA_PREDIAL;CUOTA PREDIAL;0
94512933;037;1650003359;CUOTA_PREDIAL;CUOTA PREDIAL;0
79554450;037;1650001983;CUOTA_PREDIAL;CUOTA PREDIAL;0
830091449;037;1650003363;CUOTA_PREDIAL;CUOTA PREDIAL;0
438413;037;1650004196;CUOTA_PREDIAL;CUOTA PREDIAL;0
1136880871;037;1650004206;CUOTA_PREDIAL;CUOTA PREDIAL;0
80180555;037;1650003372;CUOTA_PREDIAL;CUOTA PREDIAL;0
20522083;037;1650003402;CUOTA_PREDIAL;CUOTA PREDIAL;0
29178109;037;1650004216;CUOTA_PREDIAL;CUOTA PREDIAL;0
901115175;037;1650003392;CUOTA_PREDIAL;CUOTA PREDIAL;0
901114388;037;1650003390;CUOTA_PREDIAL;CUOTA PREDIAL;0
901114534;037;1650003391;CUOTA_PREDIAL;CUOTA PREDIAL;0